
<!DOCTYPE html>
<html lang="en">
    <head>
        <meta charset="utf-8">
        <title>Bokeh Plot</title>
        
<link rel="stylesheet" href="https://cdn.pydata.org/bokeh/release/bokeh-0.12.0.min.css" type="text/css" />
        
<script type="text/javascript" src="https://cdn.pydata.org/bokeh/release/bokeh-0.12.0.min.js"></script>
<script type="text/javascript">
    Bokeh.set_log_level("info");
</script>
        <style>
          html {
            width: 100%;
            height: 100%;
          }
          body {
            width: 90%;
            height: 100%;
            margin: auto;
          }
        </style>
    </head>
    <body>
        
        <div class="bk-root">
            <div class="plotdiv" id="8a9e1660-7e00-4cd9-bfc6-ea7fc4555398"></div>
        </div>
        
        <script type="text/javascript">
            Bokeh.$(function() {
            var docs_json = {"2e2b5a0a-a0c4-4693-9084-b4821e5e2064":{"roots":{"references":[{"attributes":{"data_source":{"id":"24cb6a82-7dca-4134-87df-b1922a0cf586","type":"ColumnDataSource"},"glyph":{"id":"0fd26171-0680-4619-b6f7-6d02265eb84f","type":"Patches"},"hover_glyph":null,"nonselection_glyph":{"id":"2e28c78d-cef5-48e1-9462-bbd3a08a88cf","type":"Patches"},"selection_glyph":null},"id":"3098d403-d71a-4d4a-9a74-2e5f0de20f2e","type":"GlyphRenderer"},{"attributes":{"grid_line_color":{"value":null},"plot":{"id":"6c33a4ca-e42d-4f32-9977-cdb3fbaddc36","subtype":"Figure","type":"Plot"},"ticker":{"id":"1bd7e1f4-8065-4e73-bec8-207190030414","type":"BasicTicker"}},"id":"ed616800-844e-4881-acb9-5793b84ba1ea","type":"Grid"},{"attributes":{"callback":null,"end":1.5,"start":-1.5},"id":"f8bed451-7827-4aa0-a9ad-0af724b2eb15","type":"Range1d"},{"attributes":{"formatter":{"id":"e10f49c7-39f4-4491-91e9-a2f1f81ba6d6","type":"BasicTickFormatter"},"plot":{"id":"695885f2-710b-415b-b73d-05eb81ad7666","subtype":"Figure","type":"Plot"},"ticker":{"id":"2459b17d-e505-41cf-93bb-4ff372c41824","type":"BasicTicker"},"visible":false},"id":"7fbf0023-5643-4555-86f5-afbaed1644a9","type":"LinearAxis"},{"attributes":{"callback":null,"end":1.5,"start":-1.5},"id":"83ad3ec7-0a99-46b1-bdd1-99955640ff88","type":"Range1d"},{"attributes":{"plot":{"id":"6c33a4ca-e42d-4f32-9977-cdb3fbaddc36","subtype":"Figure","type":"Plot"},"text":"Anticipation","text_align":"center","text_baseline":"top","text_font_style":"bold","x":0,"y":-1},"id":"a90105e7-c1e7-4d93-ad17-276e68862946","type":"Label"},{"attributes":{"callback":null,"column_names":["y","x"],"data":{"x":[0.03282828282828283,0.0,-0.8282828282828283,0.0],"y":[0.0,0.07323232323232323,0.0,-0.5505050505050505]}},"id":"d197af4b-2aad-4d87-b0c6-0dd3e33140b4","type":"ColumnDataSource"},{"attributes":{"fill_alpha":{"value":0},"fill_color":{"value":"#1f77b4"},"line_width":{"value":1.5},"xs":{"field":"xs"},"ys":{"field":"ys"}},"id":"0fd26171-0680-4619-b6f7-6d02265eb84f","type":"Patches"},{"attributes":{"data_source":{"id":"0f4f4a83-ec4c-4862-8ac9-2043835a4097","type":"ColumnDataSource"},"glyph":{"id":"3f5ac423-a3c6-4cb9-8f45-91cf97e8c707","type":"Patches"},"hover_glyph":null,"nonselection_glyph":{"id":"9c9b153f-09a5-4c3e-ad11-61cda9b8dfa5","type":"Patches"},"selection_glyph":null},"id":"08afb79c-7442-43eb-a5d7-a15fb69acb87","type":"GlyphRenderer"},{"attributes":{"plot":{"id":"695885f2-710b-415b-b73d-05eb81ad7666","subtype":"Figure","type":"Plot"}},"id":"12f4a2ab-1757-4b80-927f-d4ca9bbaebf4","type":"SaveTool"},{"attributes":{"bottom_units":"screen","fill_alpha":{"value":0.5},"fill_color":{"value":"lightgrey"},"left_units":"screen","level":"overlay","line_alpha":{"value":1.0},"line_color":{"value":"black"},"line_dash":[4,4],"line_width":{"value":2},"plot":null,"render_mode":"css","right_units":"screen","top_units":"screen"},"id":"0b8efb84-c889-4ac3-837e-7276570bff62","type":"BoxAnnotation"},{"attributes":{"callback":null,"column_names":["y","x"],"data":{"x":[0.02142747821777417,-0.019641855032959652,-0.028569970957032228,0.024998724587403195],"y":[0.02142747821777417,0.019641855032959652,-0.028569970957032228,-0.024998724587403195]}},"id":"2359fbba-696c-4b12-88fb-0d3df7ea1f39","type":"ColumnDataSource"},{"attributes":{"fill_alpha":{"value":0.1},"fill_color":{"value":"#1f77b4"},"line_alpha":{"value":0.1},"line_color":{"value":"#1f77b4"},"line_width":{"value":1.5},"xs":{"field":"xs"},"ys":{"field":"ys"}},"id":"9c9b153f-09a5-4c3e-ad11-61cda9b8dfa5","type":"Patches"},{"attributes":{"plot":{"id":"695885f2-710b-415b-b73d-05eb81ad7666","subtype":"Figure","type":"Plot"},"text":"Disgust","text_align":"right","text_font_style":"bold","x":-0.7071067811865476,"y":0.7071067811865476},"id":"8b3ad4d8-3b85-45c1-b128-c70b81d81b19","type":"Label"},{"attributes":{"active_drag":null,"active_scroll":null,"active_tap":null,"tools":[{"id":"387cfc55-f820-4d1c-bfe8-9cf1d7450a76","type":"PanTool"},{"id":"f6339921-1bd0-4f70-bbf1-73d4fddd6c26","type":"WheelZoomTool"},{"id":"12114d8b-8187-4164-b074-bcb8fdd29dca","type":"BoxZoomTool"},{"id":"12f4a2ab-1757-4b80-927f-d4ca9bbaebf4","type":"SaveTool"},{"id":"d0468d50-55c7-4e31-b80f-e8ef66ae4d18","type":"ResetTool"},{"id":"124e74aa-6a1f-4767-ae90-dd3934bbce6e","type":"HelpTool"}]},"id":"9c4f4150-8d3d-47c4-8e0f-a3006c97226f","type":"Toolbar"},{"attributes":{"overlay":{"id":"80da7465-99f5-4d00-b5c7-1e20e54fbd8f","type":"BoxAnnotation"},"plot":{"id":"6c33a4ca-e42d-4f32-9977-cdb3fbaddc36","subtype":"Figure","type":"Plot"}},"id":"5c1007ee-e35b-4735-80e1-4ed83e9bf0f3","type":"BoxZoomTool"},{"attributes":{"fill_alpha":{"value":0.1},"fill_color":{"value":"#1f77b4"},"line_alpha":{"value":0.1},"line_color":{"value":"#1f77b4"},"line_width":{"value":1.5},"xs":{"field":"xs"},"ys":{"field":"ys"}},"id":"2e28c78d-cef5-48e1-9462-bbd3a08a88cf","type":"Patches"},{"attributes":{"fill_alpha":{"value":0.1},"fill_color":{"value":"#1f77b4"},"line_alpha":{"value":0.1},"line_color":{"value":"#1f77b4"},"x":{"field":"x"},"y":{"field":"y"}},"id":"92a58c84-6775-45a6-a1ab-7d004f3fe665","type":"Patch"},{"attributes":{"plot":{"id":"695885f2-710b-415b-b73d-05eb81ad7666","subtype":"Figure","type":"Plot"},"text":"Sadness","text_font_style":"bold","x":0.7071067811865476,"y":0.7071067811865476},"id":"dadb0995-a539-4bc3-9a31-778985de14cd","type":"Label"},{"attributes":{"plot":{"id":"695885f2-710b-415b-b73d-05eb81ad7666","subtype":"Figure","type":"Plot"},"text":"Anger","text_align":"right","text_baseline":"top","text_font_style":"bold","x":-0.7071067811865476,"y":-0.7071067811865476},"id":"2b0713ba-8836-4b42-8a7f-672416d5f260","type":"Label"},{"attributes":{},"id":"0cfb9eba-bfb5-4625-a14b-a4ad985f3fd8","type":"BasicTickFormatter"},{"attributes":{},"id":"0c61a071-2fbc-4766-a3fe-d045768ba405","type":"BasicTicker"},{"attributes":{"data_source":{"id":"d179524f-eda7-4ad4-b419-c3a736c4c2ee","type":"ColumnDataSource"},"glyph":{"id":"2dd5a8f0-6784-4e4f-b76e-4353fef5bed1","type":"Patch"},"hover_glyph":null,"nonselection_glyph":{"id":"2cc386e2-12d5-4c18-bd09-5356f8645ecd","type":"Patch"},"selection_glyph":null},"id":"9add8a2d-392b-41d6-9b7a-9285e0217774","type":"GlyphRenderer"},{"attributes":{"data_source":{"id":"2359fbba-696c-4b12-88fb-0d3df7ea1f39","type":"ColumnDataSource"},"glyph":{"id":"82655afc-d5b6-4689-81c5-fc4be8ae1305","type":"Patch"},"hover_glyph":null,"nonselection_glyph":{"id":"a2d2f0d3-8c2a-4540-bc7b-e028c65f7034","type":"Patch"},"selection_glyph":null},"id":"f44ebda5-f9aa-4c2f-beab-945eafe55d6e","type":"GlyphRenderer"},{"attributes":{"fill_alpha":{"value":0.2},"fill_color":{"value":"red"},"line_alpha":{"value":0.2},"line_color":{"value":"#1f77b4"},"x":{"field":"x"},"y":{"field":"y"}},"id":"2dd5a8f0-6784-4e4f-b76e-4353fef5bed1","type":"Patch"},{"attributes":{"fill_alpha":{"value":0},"fill_color":{"value":"#1f77b4"},"line_width":{"value":1.5},"xs":{"field":"xs"},"ys":{"field":"ys"}},"id":"3f5ac423-a3c6-4cb9-8f45-91cf97e8c707","type":"Patches"},{"attributes":{"plot":{"id":"6c33a4ca-e42d-4f32-9977-cdb3fbaddc36","subtype":"Figure","type":"Plot"},"text":"Trust","text_align":"right","text_baseline":"middle","text_font_style":"bold","x":-1,"y":0},"id":"c3df9dab-f206-4f7f-862e-f4f7c372eb88","type":"Label"},{"attributes":{"plot":null,"text":null},"id":"fd614f5b-0981-4ff8-aa93-6abe75058ca8","type":"Title"},{"attributes":{"plot":{"id":"6c33a4ca-e42d-4f32-9977-cdb3fbaddc36","subtype":"Figure","type":"Plot"},"text":"Surprise","text_baseline":"middle","text_font_style":"bold","x":1,"y":0},"id":"ff0d0366-9088-4a42-aabf-2dd7504375ab","type":"Label"},{"attributes":{"formatter":{"id":"0cfb9eba-bfb5-4625-a14b-a4ad985f3fd8","type":"BasicTickFormatter"},"plot":{"id":"6c33a4ca-e42d-4f32-9977-cdb3fbaddc36","subtype":"Figure","type":"Plot"},"ticker":{"id":"a75987c6-c875-417b-a0ca-47dbdc0fcaad","type":"BasicTicker"},"visible":false},"id":"af070f30-7cc8-4ca5-9f58-0c4c986c4009","type":"LinearAxis"},{"attributes":{"plot":{"id":"695885f2-710b-415b-b73d-05eb81ad7666","subtype":"Figure","type":"Plot"},"text":"Trust","text_align":"right","text_baseline":"middle","text_font_style":"bold","x":-1,"y":0},"id":"7055313a-b19c-43fe-b4ff-d1e63fafe5e2","type":"Label"},{"attributes":{"dimension":1,"grid_line_color":{"value":null},"plot":{"id":"6c33a4ca-e42d-4f32-9977-cdb3fbaddc36","subtype":"Figure","type":"Plot"},"ticker":{"id":"a75987c6-c875-417b-a0ca-47dbdc0fcaad","type":"BasicTicker"}},"id":"778503b5-b926-4eae-a257-d8695789ce90","type":"Grid"},{"attributes":{"plot":{"id":"6c33a4ca-e42d-4f32-9977-cdb3fbaddc36","subtype":"Figure","type":"Plot"},"text":"Disgust","text_align":"right","text_font_style":"bold","x":-0.7071067811865476,"y":0.7071067811865476},"id":"34046c0a-b1cd-4d76-8f97-5a0cd7e0e819","type":"Label"},{"attributes":{},"id":"a75987c6-c875-417b-a0ca-47dbdc0fcaad","type":"BasicTicker"},{"attributes":{"formatter":{"id":"4dfbb1c7-0223-4e60-bd69-1727f6fc5352","type":"BasicTickFormatter"},"plot":{"id":"695885f2-710b-415b-b73d-05eb81ad7666","subtype":"Figure","type":"Plot"},"ticker":{"id":"0c61a071-2fbc-4766-a3fe-d045768ba405","type":"BasicTicker"},"visible":false},"id":"e5d71484-1568-454b-aa47-7cda5413b63c","type":"LinearAxis"},{"attributes":{"active_drag":null,"active_scroll":null,"active_tap":null,"tools":[{"id":"bf29df50-079b-4b2a-8661-f9998b6089d1","type":"PanTool"},{"id":"aedfb659-5775-4cd7-a532-d24d7bccce2b","type":"WheelZoomTool"},{"id":"5c1007ee-e35b-4735-80e1-4ed83e9bf0f3","type":"BoxZoomTool"},{"id":"300dda2f-534c-4af7-b209-52cc97c7949e","type":"SaveTool"},{"id":"edf207e1-c7b0-4436-b847-c5cd6188e6de","type":"ResetTool"},{"id":"2643c6ae-5286-42fb-a067-a05ebae0d761","type":"HelpTool"}]},"id":"2b2a4bd0-3561-432f-b245-3a253a8d9b94","type":"Toolbar"},{"attributes":{"plot":{"id":"6c33a4ca-e42d-4f32-9977-cdb3fbaddc36","subtype":"Figure","type":"Plot"}},"id":"bf29df50-079b-4b2a-8661-f9998b6089d1","type":"PanTool"},{"attributes":{"callback":null,"column_names":["ys","xs"],"data":{"xs":[[1.0,0.7071067811865476,0.0,-0.7071067811865476,-1.0,-0.7071067811865476,0.0,0.7071067811865476],[0.2,0.14142135623730953,0.0,-0.14142135623730953,-0.2,-0.14142135623730953,0.0,0.14142135623730953],[0.4,0.28284271247461906,0.0,-0.28284271247461906,-0.4,-0.28284271247461906,0.0,0.28284271247461906],[0.6000000000000001,0.4242640687119286,0.0,-0.4242640687119286,-0.6000000000000001,-0.4242640687119286,0.0,0.4242640687119286],[0.8,0.5656854249492381,0.0,-0.5656854249492381,-0.8,-0.5656854249492381,0.0,0.5656854249492381]],"ys":[[0.0,0.7071067811865476,1.0,0.7071067811865476,0.0,-0.7071067811865476,-1.0,-0.7071067811865476],[0.0,0.14142135623730953,0.2,0.14142135623730953,0.0,-0.14142135623730953,-0.2,-0.14142135623730953],[0.0,0.28284271247461906,0.4,0.28284271247461906,0.0,-0.28284271247461906,-0.4,-0.28284271247461906],[0.0,0.4242640687119286,0.6000000000000001,0.4242640687119286,0.0,-0.4242640687119286,-0.6000000000000001,-0.4242640687119286],[0.0,0.5656854249492381,0.8,0.5656854249492381,0.0,-0.5656854249492381,-0.8,-0.5656854249492381]]}},"id":"0f4f4a83-ec4c-4862-8ac9-2043835a4097","type":"ColumnDataSource"},{"attributes":{"plot":{"id":"6c33a4ca-e42d-4f32-9977-cdb3fbaddc36","subtype":"Figure","type":"Plot"}},"id":"aedfb659-5775-4cd7-a532-d24d7bccce2b","type":"WheelZoomTool"},{"attributes":{"fill_alpha":{"value":0.2},"fill_color":{"value":"red"},"line_alpha":{"value":0.2},"line_color":{"value":"#1f77b4"},"x":{"field":"x"},"y":{"field":"y"}},"id":"82655afc-d5b6-4689-81c5-fc4be8ae1305","type":"Patch"},{"attributes":{"bottom_units":"screen","fill_alpha":{"value":0.5},"fill_color":{"value":"lightgrey"},"left_units":"screen","level":"overlay","line_alpha":{"value":1.0},"line_color":{"value":"black"},"line_dash":[4,4],"line_width":{"value":2},"plot":null,"render_mode":"css","right_units":"screen","top_units":"screen"},"id":"80da7465-99f5-4d00-b5c7-1e20e54fbd8f","type":"BoxAnnotation"},{"attributes":{},"id":"a1f12792-44a9-4026-9bfb-adb49ff918d9","type":"ToolEvents"},{"attributes":{"fill_alpha":{"value":0.1},"fill_color":{"value":"#1f77b4"},"line_alpha":{"value":0.1},"line_color":{"value":"#1f77b4"},"x":{"field":"x"},"y":{"field":"y"}},"id":"119d428b-d8ed-40f7-aae3-5bf19d179f1c","type":"Patch"},{"attributes":{"callback":null,"end":1.5,"start":-1.5},"id":"bad3b297-ee1d-405e-892c-f99d079550e7","type":"Range1d"},{"attributes":{},"id":"6c57a26e-536d-4b47-af77-c67680df72ce","type":"ToolEvents"},{"attributes":{"plot":{"id":"6c33a4ca-e42d-4f32-9977-cdb3fbaddc36","subtype":"Figure","type":"Plot"},"text":"Fear","text_baseline":"top","text_font_style":"bold","x":0.7071067811865476,"y":-0.7071067811865476},"id":"245f0771-cdb0-4407-b9b9-b5902eb32608","type":"Label"},{"attributes":{"data_source":{"id":"d197af4b-2aad-4d87-b0c6-0dd3e33140b4","type":"ColumnDataSource"},"glyph":{"id":"6c3ff651-3438-448c-b1de-6fed7e61db0f","type":"Patch"},"hover_glyph":null,"nonselection_glyph":{"id":"92a58c84-6775-45a6-a1ab-7d004f3fe665","type":"Patch"},"selection_glyph":null},"id":"4a8f8e23-aadf-4f8e-9fe0-c78618b8d1d8","type":"GlyphRenderer"},{"attributes":{"plot":{"id":"695885f2-710b-415b-b73d-05eb81ad7666","subtype":"Figure","type":"Plot"},"text":"Anticipation","text_align":"center","text_baseline":"top","text_font_style":"bold","x":0,"y":-1},"id":"db5fc625-4804-4ac0-87a5-4fe9345f3349","type":"Label"},{"attributes":{"plot":{"id":"695885f2-710b-415b-b73d-05eb81ad7666","subtype":"Figure","type":"Plot"}},"id":"387cfc55-f820-4d1c-bfe8-9cf1d7450a76","type":"PanTool"},{"attributes":{"plot":{"id":"6c33a4ca-e42d-4f32-9977-cdb3fbaddc36","subtype":"Figure","type":"Plot"},"text":"Sadness","text_font_style":"bold","x":0.7071067811865476,"y":0.7071067811865476},"id":"d63737b7-b93f-4b9f-9f42-92c22cd84e42","type":"Label"},{"attributes":{"plot":{"id":"6c33a4ca-e42d-4f32-9977-cdb3fbaddc36","subtype":"Figure","type":"Plot"}},"id":"300dda2f-534c-4af7-b209-52cc97c7949e","type":"SaveTool"},{"attributes":{"below":[{"id":"947ca299-80f4-4cbe-a552-9d3dae1aa014","type":"LinearAxis"}],"left":[{"id":"af070f30-7cc8-4ca5-9f58-0c4c986c4009","type":"LinearAxis"}],"outline_line_color":{"value":null},"plot_height":700,"plot_width":700,"renderers":[{"id":"947ca299-80f4-4cbe-a552-9d3dae1aa014","type":"LinearAxis"},{"id":"ed616800-844e-4881-acb9-5793b84ba1ea","type":"Grid"},{"id":"af070f30-7cc8-4ca5-9f58-0c4c986c4009","type":"LinearAxis"},{"id":"778503b5-b926-4eae-a257-d8695789ce90","type":"Grid"},{"id":"80da7465-99f5-4d00-b5c7-1e20e54fbd8f","type":"BoxAnnotation"},{"id":"08afb79c-7442-43eb-a5d7-a15fb69acb87","type":"GlyphRenderer"},{"id":"ff0d0366-9088-4a42-aabf-2dd7504375ab","type":"Label"},{"id":"d63737b7-b93f-4b9f-9f42-92c22cd84e42","type":"Label"},{"id":"68762826-90b8-402f-bbb0-5b4dfb2ae9c5","type":"Label"},{"id":"34046c0a-b1cd-4d76-8f97-5a0cd7e0e819","type":"Label"},{"id":"c3df9dab-f206-4f7f-862e-f4f7c372eb88","type":"Label"},{"id":"b3ad8a8b-38e6-468b-ae2a-20d8dbf45efc","type":"Label"},{"id":"a90105e7-c1e7-4d93-ad17-276e68862946","type":"Label"},{"id":"245f0771-cdb0-4407-b9b9-b5902eb32608","type":"Label"},{"id":"b439a741-0e8e-4274-a08e-37c3f3c72626","type":"GlyphRenderer"},{"id":"9add8a2d-392b-41d6-9b7a-9285e0217774","type":"GlyphRenderer"}],"title":{"id":"fd614f5b-0981-4ff8-aa93-6abe75058ca8","type":"Title"},"tool_events":{"id":"6c57a26e-536d-4b47-af77-c67680df72ce","type":"ToolEvents"},"toolbar":{"id":"2b2a4bd0-3561-432f-b245-3a253a8d9b94","type":"Toolbar"},"toolbar_location":null,"x_range":{"id":"e873ff53-3d48-42e3-82cf-277cb47f2cfe","type":"Range1d"},"y_range":{"id":"f8bed451-7827-4aa0-a9ad-0af724b2eb15","type":"Range1d"}},"id":"6c33a4ca-e42d-4f32-9977-cdb3fbaddc36","subtype":"Figure","type":"Plot"},{"attributes":{"plot":{"id":"695885f2-710b-415b-b73d-05eb81ad7666","subtype":"Figure","type":"Plot"}},"id":"124e74aa-6a1f-4767-ae90-dd3934bbce6e","type":"HelpTool"},{"attributes":{"data_source":{"id":"89f6a7ed-ca3c-47d6-9eab-f2378e98c825","type":"ColumnDataSource"},"glyph":{"id":"0642b80e-08b0-4f88-ba4a-1cb2d35772d8","type":"Patch"},"hover_glyph":null,"nonselection_glyph":{"id":"119d428b-d8ed-40f7-aae3-5bf19d179f1c","type":"Patch"},"selection_glyph":null},"id":"b439a741-0e8e-4274-a08e-37c3f3c72626","type":"GlyphRenderer"},{"attributes":{"callback":null,"column_names":["y","x"],"data":{"x":[0.03136360723004848,-0.020909071486698988,-0.025661133188221486,0.02471072084791698],"y":[0.03136360723004848,0.020909071486698988,-0.025661133188221486,-0.02471072084791698]}},"id":"d179524f-eda7-4ad4-b419-c3a736c4c2ee","type":"ColumnDataSource"},{"attributes":{"plot":{"id":"6c33a4ca-e42d-4f32-9977-cdb3fbaddc36","subtype":"Figure","type":"Plot"},"text":"Anger","text_align":"right","text_baseline":"top","text_font_style":"bold","x":-0.7071067811865476,"y":-0.7071067811865476},"id":"b3ad8a8b-38e6-468b-ae2a-20d8dbf45efc","type":"Label"},{"attributes":{"plot":{"id":"6c33a4ca-e42d-4f32-9977-cdb3fbaddc36","subtype":"Figure","type":"Plot"}},"id":"2643c6ae-5286-42fb-a067-a05ebae0d761","type":"HelpTool"},{"attributes":{"plot":{"id":"6c33a4ca-e42d-4f32-9977-cdb3fbaddc36","subtype":"Figure","type":"Plot"},"text":"Joy","text_align":"center","text_font_style":"bold","x":0,"y":1},"id":"68762826-90b8-402f-bbb0-5b4dfb2ae9c5","type":"Label"},{"attributes":{"plot":{"id":"695885f2-710b-415b-b73d-05eb81ad7666","subtype":"Figure","type":"Plot"}},"id":"d0468d50-55c7-4e31-b80f-e8ef66ae4d18","type":"ResetTool"},{"attributes":{"fill_alpha":{"value":0.1},"fill_color":{"value":"#1f77b4"},"line_alpha":{"value":0.1},"line_color":{"value":"#1f77b4"},"x":{"field":"x"},"y":{"field":"y"}},"id":"2cc386e2-12d5-4c18-bd09-5356f8645ecd","type":"Patch"},{"attributes":{},"id":"2459b17d-e505-41cf-93bb-4ff372c41824","type":"BasicTicker"},{"attributes":{"fill_alpha":{"value":0.2},"fill_color":{"value":"#1f77b4"},"line_alpha":{"value":0.2},"line_color":{"value":"#1f77b4"},"x":{"field":"x"},"y":{"field":"y"}},"id":"6c3ff651-3438-448c-b1de-6fed7e61db0f","type":"Patch"},{"attributes":{"plot":{"id":"6c33a4ca-e42d-4f32-9977-cdb3fbaddc36","subtype":"Figure","type":"Plot"}},"id":"edf207e1-c7b0-4436-b847-c5cd6188e6de","type":"ResetTool"},{"attributes":{},"id":"4dfbb1c7-0223-4e60-bd69-1727f6fc5352","type":"BasicTickFormatter"},{"attributes":{"callback":null,"end":1.5,"start":-1.5},"id":"e873ff53-3d48-42e3-82cf-277cb47f2cfe","type":"Range1d"},{"attributes":{},"id":"e10f49c7-39f4-4491-91e9-a2f1f81ba6d6","type":"BasicTickFormatter"},{"attributes":{"fill_alpha":{"value":0.2},"fill_color":{"value":"#1f77b4"},"line_alpha":{"value":0.2},"line_color":{"value":"#1f77b4"},"x":{"field":"x"},"y":{"field":"y"}},"id":"0642b80e-08b0-4f88-ba4a-1cb2d35772d8","type":"Patch"},{"attributes":{"plot":{"id":"695885f2-710b-415b-b73d-05eb81ad7666","subtype":"Figure","type":"Plot"},"text":"Joy","text_align":"center","text_font_style":"bold","x":0,"y":1},"id":"099a5c7a-567b-4d26-a614-6c532e6c60ad","type":"Label"},{"attributes":{"fill_alpha":{"value":0.1},"fill_color":{"value":"#1f77b4"},"line_alpha":{"value":0.1},"line_color":{"value":"#1f77b4"},"x":{"field":"x"},"y":{"field":"y"}},"id":"a2d2f0d3-8c2a-4540-bc7b-e028c65f7034","type":"Patch"},{"attributes":{"callback":null,"column_names":["ys","xs"],"data":{"xs":[[1.0,0.7071067811865476,0.0,-0.7071067811865476,-1.0,-0.7071067811865476,0.0,0.7071067811865476],[0.2,0.14142135623730953,0.0,-0.14142135623730953,-0.2,-0.14142135623730953,0.0,0.14142135623730953],[0.4,0.28284271247461906,0.0,-0.28284271247461906,-0.4,-0.28284271247461906,0.0,0.28284271247461906],[0.6000000000000001,0.4242640687119286,0.0,-0.4242640687119286,-0.6000000000000001,-0.4242640687119286,0.0,0.4242640687119286],[0.8,0.5656854249492381,0.0,-0.5656854249492381,-0.8,-0.5656854249492381,0.0,0.5656854249492381]],"ys":[[0.0,0.7071067811865476,1.0,0.7071067811865476,0.0,-0.7071067811865476,-1.0,-0.7071067811865476],[0.0,0.14142135623730953,0.2,0.14142135623730953,0.0,-0.14142135623730953,-0.2,-0.14142135623730953],[0.0,0.28284271247461906,0.4,0.28284271247461906,0.0,-0.28284271247461906,-0.4,-0.28284271247461906],[0.0,0.4242640687119286,0.6000000000000001,0.4242640687119286,0.0,-0.4242640687119286,-0.6000000000000001,-0.4242640687119286],[0.0,0.5656854249492381,0.8,0.5656854249492381,0.0,-0.5656854249492381,-0.8,-0.5656854249492381]]}},"id":"24cb6a82-7dca-4134-87df-b1922a0cf586","type":"ColumnDataSource"},{"attributes":{"overlay":{"id":"0b8efb84-c889-4ac3-837e-7276570bff62","type":"BoxAnnotation"},"plot":{"id":"695885f2-710b-415b-b73d-05eb81ad7666","subtype":"Figure","type":"Plot"}},"id":"12114d8b-8187-4164-b074-bcb8fdd29dca","type":"BoxZoomTool"},{"attributes":{"below":[{"id":"7fbf0023-5643-4555-86f5-afbaed1644a9","type":"LinearAxis"}],"left":[{"id":"e5d71484-1568-454b-aa47-7cda5413b63c","type":"LinearAxis"}],"outline_line_color":{"value":null},"plot_height":700,"plot_width":700,"renderers":[{"id":"7fbf0023-5643-4555-86f5-afbaed1644a9","type":"LinearAxis"},{"id":"63b24222-69dc-4365-aaa8-d07f4ac14333","type":"Grid"},{"id":"e5d71484-1568-454b-aa47-7cda5413b63c","type":"LinearAxis"},{"id":"58e033e7-1c3f-4d84-9550-ec3d3adea064","type":"Grid"},{"id":"0b8efb84-c889-4ac3-837e-7276570bff62","type":"BoxAnnotation"},{"id":"3098d403-d71a-4d4a-9a74-2e5f0de20f2e","type":"GlyphRenderer"},{"id":"a3159ca8-5fc7-4e8a-a832-bf2c3a58192d","type":"Label"},{"id":"dadb0995-a539-4bc3-9a31-778985de14cd","type":"Label"},{"id":"099a5c7a-567b-4d26-a614-6c532e6c60ad","type":"Label"},{"id":"8b3ad4d8-3b85-45c1-b128-c70b81d81b19","type":"Label"},{"id":"7055313a-b19c-43fe-b4ff-d1e63fafe5e2","type":"Label"},{"id":"2b0713ba-8836-4b42-8a7f-672416d5f260","type":"Label"},{"id":"db5fc625-4804-4ac0-87a5-4fe9345f3349","type":"Label"},{"id":"c245ac00-07a8-4599-9f74-f40369aaa805","type":"Label"},{"id":"4a8f8e23-aadf-4f8e-9fe0-c78618b8d1d8","type":"GlyphRenderer"},{"id":"f44ebda5-f9aa-4c2f-beab-945eafe55d6e","type":"GlyphRenderer"}],"title":{"id":"ffe7cb45-0ffd-46f5-a083-dbed5ccb8390","type":"Title"},"tool_events":{"id":"a1f12792-44a9-4026-9bfb-adb49ff918d9","type":"ToolEvents"},"toolbar":{"id":"9c4f4150-8d3d-47c4-8e0f-a3006c97226f","type":"Toolbar"},"toolbar_location":null,"x_range":{"id":"bad3b297-ee1d-405e-892c-f99d079550e7","type":"Range1d"},"y_range":{"id":"83ad3ec7-0a99-46b1-bdd1-99955640ff88","type":"Range1d"}},"id":"695885f2-710b-415b-b73d-05eb81ad7666","subtype":"Figure","type":"Plot"},{"attributes":{"plot":{"id":"695885f2-710b-415b-b73d-05eb81ad7666","subtype":"Figure","type":"Plot"}},"id":"f6339921-1bd0-4f70-bbf1-73d4fddd6c26","type":"WheelZoomTool"},{"attributes":{"callback":null,"column_names":["y","x"],"data":{"x":[0.03225806451612903,0.0,-0.8454301075268817,0.0],"y":[0.0,0.07526881720430108,0.0,-0.6115591397849462]}},"id":"89f6a7ed-ca3c-47d6-9eab-f2378e98c825","type":"ColumnDataSource"},{"attributes":{},"id":"dbb6c61b-34df-4669-abd6-46dfb147ddf0","type":"BasicTickFormatter"},{"attributes":{"plot":{"id":"695885f2-710b-415b-b73d-05eb81ad7666","subtype":"Figure","type":"Plot"},"text":"Fear","text_baseline":"top","text_font_style":"bold","x":0.7071067811865476,"y":-0.7071067811865476},"id":"c245ac00-07a8-4599-9f74-f40369aaa805","type":"Label"},{"attributes":{"grid_line_color":{"value":null},"plot":{"id":"695885f2-710b-415b-b73d-05eb81ad7666","subtype":"Figure","type":"Plot"},"ticker":{"id":"2459b17d-e505-41cf-93bb-4ff372c41824","type":"BasicTicker"}},"id":"63b24222-69dc-4365-aaa8-d07f4ac14333","type":"Grid"},{"attributes":{"formatter":{"id":"dbb6c61b-34df-4669-abd6-46dfb147ddf0","type":"BasicTickFormatter"},"plot":{"id":"6c33a4ca-e42d-4f32-9977-cdb3fbaddc36","subtype":"Figure","type":"Plot"},"ticker":{"id":"1bd7e1f4-8065-4e73-bec8-207190030414","type":"BasicTicker"},"visible":false},"id":"947ca299-80f4-4cbe-a552-9d3dae1aa014","type":"LinearAxis"},{"attributes":{"plot":null,"text":null},"id":"ffe7cb45-0ffd-46f5-a083-dbed5ccb8390","type":"Title"},{"attributes":{},"id":"1bd7e1f4-8065-4e73-bec8-207190030414","type":"BasicTicker"},{"attributes":{"plot":{"id":"695885f2-710b-415b-b73d-05eb81ad7666","subtype":"Figure","type":"Plot"},"text":"Surprise","text_baseline":"middle","text_font_style":"bold","x":1,"y":0},"id":"a3159ca8-5fc7-4e8a-a832-bf2c3a58192d","type":"Label"},{"attributes":{"dimension":1,"grid_line_color":{"value":null},"plot":{"id":"695885f2-710b-415b-b73d-05eb81ad7666","subtype":"Figure","type":"Plot"},"ticker":{"id":"0c61a071-2fbc-4766-a3fe-d045768ba405","type":"BasicTicker"}},"id":"58e033e7-1c3f-4d84-9550-ec3d3adea064","type":"Grid"}],"root_ids":["695885f2-710b-415b-b73d-05eb81ad7666","6c33a4ca-e42d-4f32-9977-cdb3fbaddc36"]},"title":"Bokeh Application","version":"0.12.0"}};
            var render_items = [{"docid":"2e2b5a0a-a0c4-4693-9084-b4821e5e2064","elementid":"8a9e1660-7e00-4cd9-bfc6-ea7fc4555398","modelid":"6c33a4ca-e42d-4f32-9977-cdb3fbaddc36"}];
            
            Bokeh.embed.embed_items(docs_json, render_items);
        });
        </script>
    </body>
</html>