
<!DOCTYPE html>
<html lang="en">
    <head>
        <meta charset="utf-8">
        <title>Bokeh Plot</title>
        
<link rel="stylesheet" href="https://cdn.pydata.org/bokeh/release/bokeh-0.12.0.min.css" type="text/css" />
        
<script type="text/javascript" src="https://cdn.pydata.org/bokeh/release/bokeh-0.12.0.min.js"></script>
<script type="text/javascript">
    Bokeh.set_log_level("info");
</script>
        <style>
          html {
            width: 100%;
            height: 100%;
          }
          body {
            width: 90%;
            height: 100%;
            margin: auto;
          }
        </style>
    </head>
    <body>
        
        <div class="bk-root">
            <div class="plotdiv" id="1b6e8569-31ab-4626-a3d6-fb5f5f9101b7"></div>
        </div>
        
        <script type="text/javascript">
            Bokeh.$(function() {
            var docs_json = {"f804c920-e9c9-4024-aeec-095c450d2a81":{"roots":{"references":[{"attributes":{"plot":{"id":"8eb15f43-1089-4605-a47d-149226937c22","subtype":"Figure","type":"Plot"},"text":"Anger (20%)","text_align":"right","text_baseline":"top","text_font_style":"bold","x":-0.7071067811865476,"y":-0.7071067811865476},"id":"8790d1cb-7389-4ec6-a03d-04c77f5449e4","type":"Label"},{"attributes":{"callback":null,"end":1.5,"start":-1.5},"id":"1eb628e7-e45b-48b4-a6cf-e584f231294d","type":"Range1d"},{"attributes":{"plot":{"id":"8eb15f43-1089-4605-a47d-149226937c22","subtype":"Figure","type":"Plot"},"text":"Sadness (22%)","text_font_style":"bold","x":0.7071067811865476,"y":0.7071067811865476},"id":"f04afc78-43e9-491a-a162-932e96f4fa90","type":"Label"},{"attributes":{"callback":null,"end":1.5,"start":-1.5},"id":"1874255d-9b14-4238-9acb-dfdc3cdc6ae1","type":"Range1d"},{"attributes":{"active_drag":null,"active_scroll":null,"active_tap":null,"tools":[{"id":"57162d46-97e4-4749-b135-c444717fa483","type":"PanTool"},{"id":"405762f4-269b-42a8-ad74-ebd0a3a03305","type":"WheelZoomTool"},{"id":"b8d6512b-c808-4b62-9183-8d429f16edc8","type":"BoxZoomTool"},{"id":"3a81c68b-c827-48cb-a42f-991c2ed30b37","type":"SaveTool"},{"id":"a66c6615-c0a5-4b7d-9848-2bfb88275ef4","type":"ResetTool"},{"id":"d5c5f061-2fa7-4df6-8a6b-21642b89689f","type":"HelpTool"}]},"id":"87a754f9-b830-4cec-afcb-98258fe538fb","type":"Toolbar"},{"attributes":{},"id":"03ce5759-3d14-4ec2-8085-3114105865d5","type":"ToolEvents"},{"attributes":{"plot":{"id":"8eb15f43-1089-4605-a47d-149226937c22","subtype":"Figure","type":"Plot"},"text":"Disgust (1%)","text_align":"right","text_font_style":"bold","x":-0.7071067811865476,"y":0.7071067811865476},"id":"435eb02c-26e3-4f06-8b7b-f3d81fb6c925","type":"Label"},{"attributes":{"plot":{"id":"8eb15f43-1089-4605-a47d-149226937c22","subtype":"Figure","type":"Plot"},"text":"Trust (8%)","text_align":"right","text_baseline":"middle","text_font_style":"bold","x":-1,"y":0},"id":"f62414ae-cd98-42de-ae59-db44efcb37ee","type":"Label"},{"attributes":{"fill_alpha":{"value":0.1},"fill_color":{"value":"#1f77b4"},"line_alpha":{"value":0.1},"line_color":{"value":"#1f77b4"},"x":{"field":"x"},"y":{"field":"y"}},"id":"4e6f256a-d2b2-43f7-81eb-ca2fec4a9e1a","type":"Patch"},{"attributes":{"fill_alpha":{"value":0.2},"fill_color":{"value":"#1f77b4"},"line_alpha":{"value":0.2},"line_color":{"value":"#1f77b4"},"x":{"field":"x"},"y":{"field":"y"}},"id":"f7d80216-567e-4610-be25-bbacbe52bbb4","type":"Patch"},{"attributes":{"formatter":{"id":"85b59f0a-77af-451f-be7f-8e8b91a83215","type":"BasicTickFormatter"},"plot":{"id":"8eb15f43-1089-4605-a47d-149226937c22","subtype":"Figure","type":"Plot"},"ticker":{"id":"b80f75f4-ac4f-4e5f-ac44-a247ae27ae6d","type":"BasicTicker"},"visible":false},"id":"6d1312d8-5b42-4134-bbc7-c6601d9ef48a","type":"LinearAxis"},{"attributes":{"overlay":{"id":"8517960e-fd9f-4d0f-aa08-090d707e318b","type":"BoxAnnotation"},"plot":{"id":"8eb15f43-1089-4605-a47d-149226937c22","subtype":"Figure","type":"Plot"}},"id":"b8d6512b-c808-4b62-9183-8d429f16edc8","type":"BoxZoomTool"},{"attributes":{"grid_line_color":{"value":null},"plot":{"id":"8eb15f43-1089-4605-a47d-149226937c22","subtype":"Figure","type":"Plot"},"ticker":{"id":"dc77dc8c-57de-4d4b-8fba-79381d7e2d35","type":"BasicTicker"}},"id":"8247fe5b-6240-47e8-a6f0-ae383fd6fa94","type":"Grid"},{"attributes":{"plot":{"id":"8eb15f43-1089-4605-a47d-149226937c22","subtype":"Figure","type":"Plot"},"text":"Anticipation (11%)","text_align":"center","text_baseline":"top","text_font_style":"bold","x":0,"y":-1},"id":"e233e8c7-e658-44c6-9cf6-25ba2c073294","type":"Label"},{"attributes":{"fill_alpha":{"value":0.2},"fill_color":{"value":"red"},"line_alpha":{"value":0.2},"line_color":{"value":"#1f77b4"},"x":{"field":"x"},"y":{"field":"y"}},"id":"69437f4a-674a-496c-8b3a-ebdc78b1eb26","type":"Patch"},{"attributes":{"dimension":1,"grid_line_color":{"value":null},"plot":{"id":"8eb15f43-1089-4605-a47d-149226937c22","subtype":"Figure","type":"Plot"},"ticker":{"id":"b80f75f4-ac4f-4e5f-ac44-a247ae27ae6d","type":"BasicTicker"}},"id":"9ad6838c-a1f7-483f-8a9a-2e0df56cb9d6","type":"Grid"},{"attributes":{"formatter":{"id":"366aa908-81ec-43e4-80cf-4f0aa4654a6c","type":"BasicTickFormatter"},"plot":{"id":"8eb15f43-1089-4605-a47d-149226937c22","subtype":"Figure","type":"Plot"},"ticker":{"id":"dc77dc8c-57de-4d4b-8fba-79381d7e2d35","type":"BasicTicker"},"visible":false},"id":"43290182-55b2-4a4c-b694-e22f959b635f","type":"LinearAxis"},{"attributes":{},"id":"dc77dc8c-57de-4d4b-8fba-79381d7e2d35","type":"BasicTicker"},{"attributes":{"callback":null,"column_names":["ys","xs"],"data":{"xs":[[1.0,0.7071067811865476,0.0,-0.7071067811865476,-1.0,-0.7071067811865476,0.0,0.7071067811865476],[0.2,0.14142135623730953,0.0,-0.14142135623730953,-0.2,-0.14142135623730953,0.0,0.14142135623730953],[0.4,0.28284271247461906,0.0,-0.28284271247461906,-0.4,-0.28284271247461906,0.0,0.28284271247461906],[0.6000000000000001,0.4242640687119286,0.0,-0.4242640687119286,-0.6000000000000001,-0.4242640687119286,0.0,0.4242640687119286],[0.8,0.5656854249492381,0.0,-0.5656854249492381,-0.8,-0.5656854249492381,0.0,0.5656854249492381]],"ys":[[0.0,0.7071067811865476,1.0,0.7071067811865476,0.0,-0.7071067811865476,-1.0,-0.7071067811865476],[0.0,0.14142135623730953,0.2,0.14142135623730953,0.0,-0.14142135623730953,-0.2,-0.14142135623730953],[0.0,0.28284271247461906,0.4,0.28284271247461906,0.0,-0.28284271247461906,-0.4,-0.28284271247461906],[0.0,0.4242640687119286,0.6000000000000001,0.4242640687119286,0.0,-0.4242640687119286,-0.6000000000000001,-0.4242640687119286],[0.0,0.5656854249492381,0.8,0.5656854249492381,0.0,-0.5656854249492381,-0.8,-0.5656854249492381]]}},"id":"3b927445-9ddc-47ce-8800-45c7be0f7cd6","type":"ColumnDataSource"},{"attributes":{"fill_alpha":{"value":0.1},"fill_color":{"value":"#1f77b4"},"line_alpha":{"value":0.1},"line_color":{"value":"#1f77b4"},"line_width":{"value":1.5},"xs":{"field":"xs"},"ys":{"field":"ys"}},"id":"b6496463-eb27-4799-83c6-ccf3db3d3e82","type":"Patches"},{"attributes":{"plot":null,"text":"Search Query: glasgow byres road"},"id":"ec087484-5198-443e-8c02-7ed3da29226c","type":"Title"},{"attributes":{"callback":null,"column_names":["y","x"],"data":{"x":[0.2631578947368421,0.0,-0.3684210526315789,0.0],"y":[0.0,0.5263157894736842,0.0,-0.5263157894736842]}},"id":"7fc860ab-5e38-457f-8136-ceef2425b4e7","type":"ColumnDataSource"},{"attributes":{},"id":"85b59f0a-77af-451f-be7f-8e8b91a83215","type":"BasicTickFormatter"},{"attributes":{"plot":{"id":"8eb15f43-1089-4605-a47d-149226937c22","subtype":"Figure","type":"Plot"}},"id":"405762f4-269b-42a8-ad74-ebd0a3a03305","type":"WheelZoomTool"},{"attributes":{"plot":{"id":"8eb15f43-1089-4605-a47d-149226937c22","subtype":"Figure","type":"Plot"},"text":"Surprise (5%)","text_baseline":"middle","text_font_style":"bold","x":1,"y":0},"id":"eb7c1aab-7af0-46e8-86e2-639994b5b9ee","type":"Label"},{"attributes":{"plot":{"id":"8eb15f43-1089-4605-a47d-149226937c22","subtype":"Figure","type":"Plot"}},"id":"57162d46-97e4-4749-b135-c444717fa483","type":"PanTool"},{"attributes":{"fill_alpha":{"value":0.1},"fill_color":{"value":"#1f77b4"},"line_alpha":{"value":0.1},"line_color":{"value":"#1f77b4"},"x":{"field":"x"},"y":{"field":"y"}},"id":"78d06278-4293-44b9-9c38-611873647da5","type":"Patch"},{"attributes":{"plot":{"id":"8eb15f43-1089-4605-a47d-149226937c22","subtype":"Figure","type":"Plot"},"text":"Fear (18%)","text_baseline":"top","text_font_style":"bold","x":0.7071067811865476,"y":-0.7071067811865476},"id":"ce869568-7d6c-40f4-a41b-b3bae3247c23","type":"Label"},{"attributes":{},"id":"366aa908-81ec-43e4-80cf-4f0aa4654a6c","type":"BasicTickFormatter"},{"attributes":{"fill_alpha":{"value":0},"fill_color":{"value":"#1f77b4"},"line_width":{"value":1.5},"xs":{"field":"xs"},"ys":{"field":"ys"}},"id":"05921c87-1532-4801-9037-24b9c5b843a5","type":"Patches"},{"attributes":{"data_source":{"id":"e3c291db-2f8e-4404-88b8-2e5a98148635","type":"ColumnDataSource"},"glyph":{"id":"69437f4a-674a-496c-8b3a-ebdc78b1eb26","type":"Patch"},"hover_glyph":null,"nonselection_glyph":{"id":"78d06278-4293-44b9-9c38-611873647da5","type":"Patch"},"selection_glyph":null},"id":"608c47f7-31bf-49f5-9716-afdc6aa4d02b","type":"GlyphRenderer"},{"attributes":{},"id":"b80f75f4-ac4f-4e5f-ac44-a247ae27ae6d","type":"BasicTicker"},{"attributes":{"bottom_units":"screen","fill_alpha":{"value":0.5},"fill_color":{"value":"lightgrey"},"left_units":"screen","level":"overlay","line_alpha":{"value":1.0},"line_color":{"value":"black"},"line_dash":[4,4],"line_width":{"value":2},"plot":null,"render_mode":"css","right_units":"screen","top_units":"screen"},"id":"8517960e-fd9f-4d0f-aa08-090d707e318b","type":"BoxAnnotation"},{"attributes":{"data_source":{"id":"7fc860ab-5e38-457f-8136-ceef2425b4e7","type":"ColumnDataSource"},"glyph":{"id":"f7d80216-567e-4610-be25-bbacbe52bbb4","type":"Patch"},"hover_glyph":null,"nonselection_glyph":{"id":"4e6f256a-d2b2-43f7-81eb-ca2fec4a9e1a","type":"Patch"},"selection_glyph":null},"id":"1410663c-9cb9-46f3-8054-ecec76ff48bd","type":"GlyphRenderer"},{"attributes":{"plot":{"id":"8eb15f43-1089-4605-a47d-149226937c22","subtype":"Figure","type":"Plot"}},"id":"a66c6615-c0a5-4b7d-9848-2bfb88275ef4","type":"ResetTool"},{"attributes":{"plot":{"id":"8eb15f43-1089-4605-a47d-149226937c22","subtype":"Figure","type":"Plot"}},"id":"3a81c68b-c827-48cb-a42f-991c2ed30b37","type":"SaveTool"},{"attributes":{"callback":null,"column_names":["y","x"],"data":{"x":[0.7071067811865476,-0.03721614637823934,-0.6698906348083082,0.5954583420518295],"y":[0.7071067811865476,0.03721614637823934,-0.6698906348083082,-0.5954583420518295]}},"id":"e3c291db-2f8e-4404-88b8-2e5a98148635","type":"ColumnDataSource"},{"attributes":{"data_source":{"id":"3b927445-9ddc-47ce-8800-45c7be0f7cd6","type":"ColumnDataSource"},"glyph":{"id":"05921c87-1532-4801-9037-24b9c5b843a5","type":"Patches"},"hover_glyph":null,"nonselection_glyph":{"id":"b6496463-eb27-4799-83c6-ccf3db3d3e82","type":"Patches"},"selection_glyph":null},"id":"6df06f45-2943-40ca-8e6d-a52536727ff7","type":"GlyphRenderer"},{"attributes":{"plot":{"id":"8eb15f43-1089-4605-a47d-149226937c22","subtype":"Figure","type":"Plot"}},"id":"d5c5f061-2fa7-4df6-8a6b-21642b89689f","type":"HelpTool"},{"attributes":{"plot":{"id":"8eb15f43-1089-4605-a47d-149226937c22","subtype":"Figure","type":"Plot"},"text":"Joy (11%)","text_align":"center","text_font_style":"bold","x":0,"y":1},"id":"67fa9a3e-44c1-4e7e-bd17-e9f89c37f47d","type":"Label"},{"attributes":{"below":[{"id":"43290182-55b2-4a4c-b694-e22f959b635f","type":"LinearAxis"}],"left":[{"id":"6d1312d8-5b42-4134-bbc7-c6601d9ef48a","type":"LinearAxis"}],"outline_line_color":{"value":null},"plot_height":700,"plot_width":700,"renderers":[{"id":"43290182-55b2-4a4c-b694-e22f959b635f","type":"LinearAxis"},{"id":"8247fe5b-6240-47e8-a6f0-ae383fd6fa94","type":"Grid"},{"id":"6d1312d8-5b42-4134-bbc7-c6601d9ef48a","type":"LinearAxis"},{"id":"9ad6838c-a1f7-483f-8a9a-2e0df56cb9d6","type":"Grid"},{"id":"8517960e-fd9f-4d0f-aa08-090d707e318b","type":"BoxAnnotation"},{"id":"6df06f45-2943-40ca-8e6d-a52536727ff7","type":"GlyphRenderer"},{"id":"eb7c1aab-7af0-46e8-86e2-639994b5b9ee","type":"Label"},{"id":"f04afc78-43e9-491a-a162-932e96f4fa90","type":"Label"},{"id":"67fa9a3e-44c1-4e7e-bd17-e9f89c37f47d","type":"Label"},{"id":"435eb02c-26e3-4f06-8b7b-f3d81fb6c925","type":"Label"},{"id":"f62414ae-cd98-42de-ae59-db44efcb37ee","type":"Label"},{"id":"8790d1cb-7389-4ec6-a03d-04c77f5449e4","type":"Label"},{"id":"e233e8c7-e658-44c6-9cf6-25ba2c073294","type":"Label"},{"id":"ce869568-7d6c-40f4-a41b-b3bae3247c23","type":"Label"},{"id":"1410663c-9cb9-46f3-8054-ecec76ff48bd","type":"GlyphRenderer"},{"id":"608c47f7-31bf-49f5-9716-afdc6aa4d02b","type":"GlyphRenderer"}],"title":{"id":"ec087484-5198-443e-8c02-7ed3da29226c","type":"Title"},"tool_events":{"id":"03ce5759-3d14-4ec2-8085-3114105865d5","type":"ToolEvents"},"toolbar":{"id":"87a754f9-b830-4cec-afcb-98258fe538fb","type":"Toolbar"},"toolbar_location":null,"x_range":{"id":"1eb628e7-e45b-48b4-a6cf-e584f231294d","type":"Range1d"},"y_range":{"id":"1874255d-9b14-4238-9acb-dfdc3cdc6ae1","type":"Range1d"}},"id":"8eb15f43-1089-4605-a47d-149226937c22","subtype":"Figure","type":"Plot"}],"root_ids":["8eb15f43-1089-4605-a47d-149226937c22"]},"title":"Bokeh Application","version":"0.12.0"}};
            var render_items = [{"docid":"f804c920-e9c9-4024-aeec-095c450d2a81","elementid":"1b6e8569-31ab-4626-a3d6-fb5f5f9101b7","modelid":"8eb15f43-1089-4605-a47d-149226937c22"}];
            
            Bokeh.embed.embed_items(docs_json, render_items);
        });
        </script>
    </body>
</html>