
<!DOCTYPE html>
<html lang="en">
    <head>
        <meta charset="utf-8">
        <title>Bokeh Plot</title>
        
<link rel="stylesheet" href="https://cdn.pydata.org/bokeh/release/bokeh-0.12.3.min.css" type="text/css" />
        
<script type="text/javascript" src="https://cdn.pydata.org/bokeh/release/bokeh-0.12.3.min.js"></script>
<script type="text/javascript">
    Bokeh.set_log_level("info");
</script>
        <style>
          html {
            width: 100%;
            height: 100%;
          }
          body {
            width: 90%;
            height: 100%;
            margin: auto;
          }
        </style>
    </head>
    <body>
        
        <div class="bk-root">
            <div class="plotdiv" id="9d6fc73d-5a5f-43f8-8226-77b45583d25e"></div>
        </div>
        
        <script type="text/javascript">
            Bokeh.$(function() {
            Bokeh.safely(function() {
                var docs_json = {"84d1e666-4790-459f-be77-c6cf8a6dc36a":{"roots":{"references":[{"attributes":{"plot":{"id":"aec13a08-b3d5-46b0-8957-62ce9a25b137","subtype":"Figure","type":"Plot"},"text":"Anger (0%)","text_align":"right","text_baseline":"top","text_font_style":"bold","x":-0.7071067811865476,"y":-0.7071067811865476},"id":"654ae9ab-eb96-4228-acdf-e14b0806ae03","type":"Label"},{"attributes":{},"id":"a7b230d5-b441-47e6-988d-759c2090c9be","type":"BasicTickFormatter"},{"attributes":{},"id":"3460a5be-5df3-44b1-9d77-db84077dfd47","type":"BasicTicker"},{"attributes":{"dimension":1,"grid_line_color":{"value":null},"plot":{"id":"aec13a08-b3d5-46b0-8957-62ce9a25b137","subtype":"Figure","type":"Plot"},"ticker":{"id":"87d504c9-7dad-47f2-b099-a193d4b8df54","type":"BasicTicker"}},"id":"44be87d9-cff9-4204-aaab-b34ba135b90c","type":"Grid"},{"attributes":{},"id":"a786cec7-f43b-4a9d-85d3-5c53db443d45","type":"BasicTickFormatter"},{"attributes":{"active_drag":null,"active_scroll":null,"active_tap":null,"tools":[{"id":"4b4aa2ff-64f5-4fef-8d4a-d989ff0d91c9","type":"PanTool"},{"id":"abed8604-f3c8-4b53-98c7-4a875f28ce9e","type":"WheelZoomTool"},{"id":"7fdfed82-fda2-48f0-aa6a-ca798a543fff","type":"BoxZoomTool"},{"id":"4eea00d7-7357-4ea5-9206-4043d26e6c33","type":"SaveTool"},{"id":"5a27f1b8-85b1-4fbf-b6a6-f8b70d349df5","type":"ResetTool"},{"id":"50825bed-9968-4eac-8523-11443da15e15","type":"HelpTool"}]},"id":"b11dbdff-5553-4cc9-80ec-594897a5c63f","type":"Toolbar"},{"attributes":{"formatter":{"id":"a786cec7-f43b-4a9d-85d3-5c53db443d45","type":"BasicTickFormatter"},"plot":{"id":"aec13a08-b3d5-46b0-8957-62ce9a25b137","subtype":"Figure","type":"Plot"},"ticker":{"id":"3460a5be-5df3-44b1-9d77-db84077dfd47","type":"BasicTicker"},"visible":false},"id":"4436403c-0600-42df-9b6e-651f8b090fe4","type":"LinearAxis"},{"attributes":{"plot":null,"text":"Search Query: fgdfgd"},"id":"9114c3dd-2c85-4fda-bca7-bac3851f6e76","type":"Title"},{"attributes":{"plot":{"id":"aec13a08-b3d5-46b0-8957-62ce9a25b137","subtype":"Figure","type":"Plot"}},"id":"50825bed-9968-4eac-8523-11443da15e15","type":"HelpTool"},{"attributes":{"callback":null,"end":1.5,"start":-1.5},"id":"dd14f3d3-2db7-41cc-9e90-2300ef406375","type":"Range1d"},{"attributes":{"data_source":{"id":"c47d053d-4c2d-49bb-a83a-2a903c5c8c3e","type":"ColumnDataSource"},"glyph":{"id":"bed46d7f-6711-46b5-b76c-1f9805810e6d","type":"Patches"},"hover_glyph":null,"nonselection_glyph":{"id":"3349ecfd-4b87-4b5a-a0e4-328c19d18b84","type":"Patches"},"selection_glyph":null},"id":"a77b115a-70d2-455a-8c87-0591513a0006","type":"GlyphRenderer"},{"attributes":{"plot":{"id":"aec13a08-b3d5-46b0-8957-62ce9a25b137","subtype":"Figure","type":"Plot"},"text":"Surprise (0%)","text_baseline":"middle","text_font_style":"bold","x":1,"y":0},"id":"91e21649-41e2-44c5-97bc-8d6260dd4987","type":"Label"},{"attributes":{"plot":{"id":"aec13a08-b3d5-46b0-8957-62ce9a25b137","subtype":"Figure","type":"Plot"}},"id":"abed8604-f3c8-4b53-98c7-4a875f28ce9e","type":"WheelZoomTool"},{"attributes":{"fill_alpha":{"value":0},"fill_color":{"value":"#1f77b4"},"line_width":{"value":1.5},"xs":{"field":"xs"},"ys":{"field":"ys"}},"id":"bed46d7f-6711-46b5-b76c-1f9805810e6d","type":"Patches"},{"attributes":{},"id":"87d504c9-7dad-47f2-b099-a193d4b8df54","type":"BasicTicker"},{"attributes":{"plot":{"id":"aec13a08-b3d5-46b0-8957-62ce9a25b137","subtype":"Figure","type":"Plot"}},"id":"4b4aa2ff-64f5-4fef-8d4a-d989ff0d91c9","type":"PanTool"},{"attributes":{"callback":null,"column_names":["ys","xs"],"data":{"xs":[[1.0,0.7071067811865476,0.0,-0.7071067811865476,-1.0,-0.7071067811865476,0.0,0.7071067811865476],[0.2,0.14142135623730953,0.0,-0.14142135623730953,-0.2,-0.14142135623730953,0.0,0.14142135623730953],[0.4,0.28284271247461906,0.0,-0.28284271247461906,-0.4,-0.28284271247461906,0.0,0.28284271247461906],[0.6000000000000001,0.4242640687119286,0.0,-0.4242640687119286,-0.6000000000000001,-0.4242640687119286,0.0,0.4242640687119286],[0.8,0.5656854249492381,0.0,-0.5656854249492381,-0.8,-0.5656854249492381,0.0,0.5656854249492381]],"ys":[[0.0,0.7071067811865476,1.0,0.7071067811865476,0.0,-0.7071067811865476,-1.0,-0.7071067811865476],[0.0,0.14142135623730953,0.2,0.14142135623730953,0.0,-0.14142135623730953,-0.2,-0.14142135623730953],[0.0,0.28284271247461906,0.4,0.28284271247461906,0.0,-0.28284271247461906,-0.4,-0.28284271247461906],[0.0,0.4242640687119286,0.6000000000000001,0.4242640687119286,0.0,-0.4242640687119286,-0.6000000000000001,-0.4242640687119286],[0.0,0.5656854249492381,0.8,0.5656854249492381,0.0,-0.5656854249492381,-0.8,-0.5656854249492381]]}},"id":"c47d053d-4c2d-49bb-a83a-2a903c5c8c3e","type":"ColumnDataSource"},{"attributes":{"overlay":{"id":"a1ac23aa-1af2-4517-a923-ad9f45d94406","type":"BoxAnnotation"},"plot":{"id":"aec13a08-b3d5-46b0-8957-62ce9a25b137","subtype":"Figure","type":"Plot"}},"id":"7fdfed82-fda2-48f0-aa6a-ca798a543fff","type":"BoxZoomTool"},{"attributes":{"plot":{"id":"aec13a08-b3d5-46b0-8957-62ce9a25b137","subtype":"Figure","type":"Plot"},"text":"Fear (0%)","text_baseline":"top","text_font_style":"bold","x":0.7071067811865476,"y":-0.7071067811865476},"id":"9f7c8377-ffb1-4020-a8f4-58847bd179a3","type":"Label"},{"attributes":{"plot":{"id":"aec13a08-b3d5-46b0-8957-62ce9a25b137","subtype":"Figure","type":"Plot"},"text":"Joy (0%)","text_align":"center","text_font_style":"bold","x":0,"y":1},"id":"eed95680-2a26-424b-b3d6-452d8f22f34d","type":"Label"},{"attributes":{},"id":"fbbefad9-e859-4681-807f-8bb948da488d","type":"ToolEvents"},{"attributes":{"grid_line_color":{"value":null},"plot":{"id":"aec13a08-b3d5-46b0-8957-62ce9a25b137","subtype":"Figure","type":"Plot"},"ticker":{"id":"3460a5be-5df3-44b1-9d77-db84077dfd47","type":"BasicTicker"}},"id":"464e8454-aa9c-4f74-a696-ebd1547a17ef","type":"Grid"},{"attributes":{"plot":{"id":"aec13a08-b3d5-46b0-8957-62ce9a25b137","subtype":"Figure","type":"Plot"},"text":"Disgust (0%)","text_align":"right","text_font_style":"bold","x":-0.7071067811865476,"y":0.7071067811865476},"id":"53b419d7-f5db-4bb8-a4cd-167d55b9c2b6","type":"Label"},{"attributes":{"fill_alpha":{"value":0.1},"fill_color":{"value":"#1f77b4"},"line_alpha":{"value":0.1},"line_color":{"value":"#1f77b4"},"line_width":{"value":1.5},"xs":{"field":"xs"},"ys":{"field":"ys"}},"id":"3349ecfd-4b87-4b5a-a0e4-328c19d18b84","type":"Patches"},{"attributes":{"callback":null,"end":1.5,"start":-1.5},"id":"4cb74e1b-c390-4bc7-8fd4-7c8623a79daa","type":"Range1d"},{"attributes":{"plot":{"id":"aec13a08-b3d5-46b0-8957-62ce9a25b137","subtype":"Figure","type":"Plot"},"text":"Anticipation (0%)","text_align":"center","text_baseline":"top","text_font_style":"bold","x":0,"y":-1},"id":"f4e46d01-3ef6-456f-8a28-63ada939f620","type":"Label"},{"attributes":{"plot":{"id":"aec13a08-b3d5-46b0-8957-62ce9a25b137","subtype":"Figure","type":"Plot"},"text":"Sadness (0%)","text_font_style":"bold","x":0.7071067811865476,"y":0.7071067811865476},"id":"db96a64a-aff9-48ca-8804-25d0bc57945c","type":"Label"},{"attributes":{"plot":{"id":"aec13a08-b3d5-46b0-8957-62ce9a25b137","subtype":"Figure","type":"Plot"}},"id":"5a27f1b8-85b1-4fbf-b6a6-f8b70d349df5","type":"ResetTool"},{"attributes":{"plot":{"id":"aec13a08-b3d5-46b0-8957-62ce9a25b137","subtype":"Figure","type":"Plot"},"text":"Trust (0%)","text_align":"right","text_baseline":"middle","text_font_style":"bold","x":-1,"y":0},"id":"7b300bd4-3dba-44c3-8d5d-1a8bf8aa1bb5","type":"Label"},{"attributes":{"plot":{"id":"aec13a08-b3d5-46b0-8957-62ce9a25b137","subtype":"Figure","type":"Plot"}},"id":"4eea00d7-7357-4ea5-9206-4043d26e6c33","type":"SaveTool"},{"attributes":{"formatter":{"id":"a7b230d5-b441-47e6-988d-759c2090c9be","type":"BasicTickFormatter"},"plot":{"id":"aec13a08-b3d5-46b0-8957-62ce9a25b137","subtype":"Figure","type":"Plot"},"ticker":{"id":"87d504c9-7dad-47f2-b099-a193d4b8df54","type":"BasicTicker"},"visible":false},"id":"bb08bdde-b46e-4ec9-a981-490404e4ae39","type":"LinearAxis"},{"attributes":{"below":[{"id":"4436403c-0600-42df-9b6e-651f8b090fe4","type":"LinearAxis"}],"left":[{"id":"bb08bdde-b46e-4ec9-a981-490404e4ae39","type":"LinearAxis"}],"outline_line_color":{"value":null},"plot_height":700,"plot_width":700,"renderers":[{"id":"4436403c-0600-42df-9b6e-651f8b090fe4","type":"LinearAxis"},{"id":"464e8454-aa9c-4f74-a696-ebd1547a17ef","type":"Grid"},{"id":"bb08bdde-b46e-4ec9-a981-490404e4ae39","type":"LinearAxis"},{"id":"44be87d9-cff9-4204-aaab-b34ba135b90c","type":"Grid"},{"id":"a1ac23aa-1af2-4517-a923-ad9f45d94406","type":"BoxAnnotation"},{"id":"a77b115a-70d2-455a-8c87-0591513a0006","type":"GlyphRenderer"},{"id":"91e21649-41e2-44c5-97bc-8d6260dd4987","type":"Label"},{"id":"db96a64a-aff9-48ca-8804-25d0bc57945c","type":"Label"},{"id":"eed95680-2a26-424b-b3d6-452d8f22f34d","type":"Label"},{"id":"53b419d7-f5db-4bb8-a4cd-167d55b9c2b6","type":"Label"},{"id":"7b300bd4-3dba-44c3-8d5d-1a8bf8aa1bb5","type":"Label"},{"id":"654ae9ab-eb96-4228-acdf-e14b0806ae03","type":"Label"},{"id":"f4e46d01-3ef6-456f-8a28-63ada939f620","type":"Label"},{"id":"9f7c8377-ffb1-4020-a8f4-58847bd179a3","type":"Label"}],"title":{"id":"9114c3dd-2c85-4fda-bca7-bac3851f6e76","type":"Title"},"tool_events":{"id":"fbbefad9-e859-4681-807f-8bb948da488d","type":"ToolEvents"},"toolbar":{"id":"b11dbdff-5553-4cc9-80ec-594897a5c63f","type":"Toolbar"},"toolbar_location":null,"x_range":{"id":"4cb74e1b-c390-4bc7-8fd4-7c8623a79daa","type":"Range1d"},"y_range":{"id":"dd14f3d3-2db7-41cc-9e90-2300ef406375","type":"Range1d"}},"id":"aec13a08-b3d5-46b0-8957-62ce9a25b137","subtype":"Figure","type":"Plot"},{"attributes":{"bottom_units":"screen","fill_alpha":{"value":0.5},"fill_color":{"value":"lightgrey"},"left_units":"screen","level":"overlay","line_alpha":{"value":1.0},"line_color":{"value":"black"},"line_dash":[4,4],"line_width":{"value":2},"plot":null,"render_mode":"css","right_units":"screen","top_units":"screen"},"id":"a1ac23aa-1af2-4517-a923-ad9f45d94406","type":"BoxAnnotation"}],"root_ids":["aec13a08-b3d5-46b0-8957-62ce9a25b137"]},"title":"Bokeh Application","version":"0.12.3"}};
                var render_items = [{"docid":"84d1e666-4790-459f-be77-c6cf8a6dc36a","elementid":"9d6fc73d-5a5f-43f8-8226-77b45583d25e","modelid":"aec13a08-b3d5-46b0-8957-62ce9a25b137"}];
                
                Bokeh.embed.embed_items(docs_json, render_items);
            });
        });
        </script>
    </body>
</html>